186.02817
72.25957
69.77202
115.72348
78.36899
184.0192
188.32988
180.9935
220.81114
198.24736
182.64198
81.590385
89.661125
182.77232
82.469505
127.58077
85.70687
76.254654
193.73605
184.92372
93.630974
141.63739
79.7144
278.37766
185.25053
181.17813
78.55698
330.93335
94.41438
180.96878
170.05411
161.74728
187.85385
167.68614
168.33922
53.990887
180.75764
81.92185
167.70273
155.64854
185.39867
214.16725
85.65678
127.274445
82.5337
61.801052
141.27304
98.76609
74.9439
354.08478
187.33318
73.09049
82.67297
161.01616
82.11923
103.9223
99.44474
82.47143
68.27599
183.09203
132.3136
83.70304
68.287735
183.27287
69.51918
189.83836
277.00778
85.04229
66.16703
203.58351
210.30261
77.57144
68.654655
274.3635
200.35753
45.876385
75.845146
245.40715
86.273926
84.37018
169.55824
81.63255
90.24063
77.4378
169.24055
87.94335
89.8019
73.46368
159.88043
126.85626
63.34518
296.15598
46.223682
215.9199
157.31303
68.58603
176.5057
198.24765
172.67426
299.42813
127.57468
63.11343
203.13092
178.35564
50.084797
82.80369
164.85287
60.676975
74.94397
190.11707
194.1199
85.19911
197.91328
232.36761
186.76295
217.2443
188.51935
74.76681
107.42552
169.93854
71.64229
81.92118
336.66934
198.94537
68.65414
224.28996
81.023544
172.13618
205.54045
78.79578
92.17171
156.28818
82.46959
234.91164
229.45128
218.59663
77.53815
210.08926
157.64882
80.65143
159.92159
161.3853
260.32416
74.55626
54.041233
93.20458
126.59353
96.36638
188.33022
73.40061
82.47039
181.07161
63.850803
72.45293
69.0367
180.58255
166.0433
84.96306
119.43167
170.95609
325.28543
96.83608
71.70114
212.30635
78.55809
163.8255
192.4349
82.46994
179.1729
176.02968
71.9898
193.86751
107.67671
148.69928
74.64246
157.0775
76.00775
176.5224
81.752625
247.3914
97.184654
193.67563
76.767685
63.325413
89.17813
94.02025
87.26265
70.65848
191.57492
120.30504
71.76769
186.7627
346.2857
188.96692
113.68311
93.42517
173.55905
74.07224
168.11174
187.97078
122.90297
82.471176
64.15285
176.0888
206.59619
77.128555
77.26739
193.20523
115.44912
212.04225
192.19696
104.49922
81.14402
243.40694
174.43636
47.48395
192.70976
55.738598
183.64554
186.1497
96.6302
212.14885
113.38127
65.683426
62.44328
86.73119
169.63565
198.24722
73.1251
55.699764
78.70238
68.43843
173.93336
103.55997
200.26173
182.44922
127.61109
61.54559
184.76834
164.0283
177.68645
198.24759
77.05951
186.37584
181.6395
91.03166
77.76628
64.74712
209.67314
143.88577
256.24033
163.89998
183.64574
108.569756
207.8218
276.96503
78.927246
82.091606
84.81123
69.2596
182.03415
103.16547
95.98135
188.33012
63.696743
190.34406
60.695156
172.63835
104.31016
73.05276
64.15391
69.18941
184.06575
69.69056
79.58574
209.51387
172.2375
182.29253
71.763985
82.469765
116.99169
74.41153
83.57901
115.216995
179.17297
223.14322
73.93404
174.12279
92.6481
150.78896
226.2156
95.270454
78.558395
77.11846
72.19314
71.26764
169.02795
169.84973
197.3795
76.17026
76.801636
175.41075
108.61577
75.180084
126.45626
82.42776
67.37945
93.20819
183.71292
198.68506
65.76881
37.570995
61.14184
77.90316
197.91318
81.4043
50.33125
184.20776
196.55602
186.01186
293.08563
63.29378
74.51353
178.49835
83.45577
183.57819
68.77747
81.72428
167.90508
175.94229
82.46996
67.88436
76.780304
76.972115
233.1143
76.83453
119.94214
189.60089
169.55362
80.83236
73.97094
89.099754
243.40369
69.52645
181.83388
172.69455
202.97797
154.12788
182.01201
179.81017
247.00775
69.78861
71.89391
175.6097
73.16696
79.328384
82.46989
83.78237
74.79254
71.88582
22.340588
265.48938
71.56991
245.13608
165.70462
67.7893
115.45312
81.41772
187.3143
71.47611
68.03306
190.3298
82.47061
83.25301
198.24742
82.46967
179.41252
189.10614
215.98225
77.880226
74.41782
98.931526
81.56778
82.47017
192.73701
165.5277
306.11636
162.57866
75.918755
82.470535
299.78625
89.23205
131.4958
58.5545
193.0894
181.18973
92.64647
169.98717
149.45584
107.54516
82.76303
95.23036
75.37249
81.10764
67.04296
223.21237
145.78003
179.9438
199.92094
98.92909
398.28287
198.24756
202.05043
210.47823
298.66812
167.99866
74.642265
146.70862
74.73915
150.59224
91.40852
98.12952
188.32986
174.37103
185.39856
197.4565
84.50751
78.82054
95.23924
181.72517
58.794758
193.34218
73.66592
75.60057
147.9175
91.41164
89.09497
72.067986
99.05603
173.49184
173.51303
179.94377
89.830414
183.64542
211.12111
79.883255
177.73756
160.33801
198.24762
61.567486
92.93888
114.08455
298.41815
191.16534
82.06849
189.8024
358.90695
43.05363
193.20518
89.62085
196.48152
191.70969
84.99511
71.006775
184.57835
226.74324
80.48575
83.61892
67.41879
173.02278
94.81812
86.382286
226.3728
247.4315
199.86943
70.80673
174.6623
68.25104
34.91917
176.04147
238.99829
238.8273
85.762665
181.69376
193.2054
183.79938
177.47342
191.77621
191.42532
62.686077
200.54546
191.3935
64.96668
63.641033
165.02985
193.20508
100.51488
102.541
72.6334
183.96558
200.78888
239.58409
160.07426
81.87017
248.64285
73.83232
76.37905
71.97501
126.09835
91.815216
90.922005
160.86356
82.47043
86.37196
253.67284
176.93199
164.21277
186.76317
198.2475
70.80987
198.24762
67.17433
276.9661
57.363674
163.12567
198.24765
82.47066
160.95187
156.73137
85.371574
78.34465
248.0856
81.31845
78.386536
183.64545
187.46089
63.07352
98.73304
88.01178
196.75237
80.34457
159.34538
146.81763
79.49074
86.43612
180.786
75.68735
82.3634
255.4924
247.52914
78.457436
86.5529
234.4553
178.52205
165.70349
102.69751
160.49005
188.33008
82.47017
68.82396
98.45308
18.991253
186.839
164.71729
173.00076
206.67673
189.1476
182.25797
196.18486
145.79916
129.93095
200.09224
186.20242
105.01564
181.14767
91.63693
80.91455
72.929565
73.2551
196.84344
164.35916
238.91048
205.59486
210.13113
74.28162
223.38951
63.6413
80.7793
26.42538
276.90604
201.53418
188.32997
166.30116
78.05103
300.1049
100.43427
166.77115
39.641064
82.96047
101.30837
87.613754
160.49922
79.755035
187.92398
276.06964
69.66391
78.2795
186.49634
102.50735
240.31537
75.38399
151.51596
153.30421
193.57658
198.24768
82.47029
176.79524
213.57092
57.121944
91.47053
78.25533
71.9942
67.88428
74.37983
100.20782
187.02489
71.394554
170.46121
72.324585
71.45306
305.29117
77.60766
160.53651
76.84147
152.68365
98.700195
270.24817
149.88557
78.02294
227.34154
62.52712
198.24748
185.93849
89.15039
62.08369
85.57366
179.50533
158.63768
95.02952
97.58677
193.07133
80.75926
66.20992
98.33218
173.5634
195.29335
192.87466
285.20486
70.76455
97.61688
110.59959
193.20506
185.54132
63.78168
163.36044
72.81777
115.69701
103.239555
69.79658
76.985146
278.31693
152.57939
71.18414
89.24386
60.206966
263.66965
200.0029
160.8736
242.3163
183.86417
149.89122
74.18333
62.90668
159.1252
78.55697
58.839947
78.55805
213.19252
176.2158
95.959885
234.08687
194.82181
99.721436
180.44176
178.09604
195.5826
193.2053
72.81163
63.821247
179.52167
75.21103
181.17331
61.10004
320.80392
170.81445
188.38152
188.33011
70.71982
80.87677
203.71046
62.10935
81.84939
151.62242
77.75444
69.154
334.7728
171.93855
101.59535
162.63686
153.30423
283.74713
173.56348
121.61207
81.15392
185.0689
162.4806
137.15538
198.24768
166.85423
180.89793
82.47136
170.54414
74.10659
184.82216
99.91869
155.95908
88.381294
85.30771
90.40269
408.5493
74.942955
127.581024
184.41606
90.17524
82.47012
198.38202
179.92825
194.2895
204.83812
82.99267
82.47019
74.8727
61.808086
211.27774
163.26881
178.28125
146.67873
161.7636
167.971
85.251045
77.12753
198.24756
310.32047
92.15358
55.737705
77.05682
177.29654
88.595535
183.64555
157.17567
79.944466
74.94398
212.14532
188.33002
147.85313
88.287964
76.76457
160.62186
195.29335
99.41849
71.27668
193.20512
257.52457
79.65761
80.20372
89.8328
82.02485
101.15172
201.17334
278.07443
158.38335
221.87712
65.969025
78.86868
81.58566
171.34999
177.7375
180.74818
180.2589
80.37402
298.2215
89.43798
77.525375
168.32767
79.16914
186.31714
58.961964
184.34514
51.364925
168.24057
212.70802
68.584946
97.98491
180.56961
96.123276
211.37611
127.61083
186.03949
193.43726
181.84503
194.44678
65.508965
175.06166
197.72353
176.06525
336.40317
265.15845
75.72353
191.30139
191.0143
181.77092
87.62712
63.64018
81.922165
193.20497
68.75392
328.28067
163.36232
178.51799
82.66011
84.50876
211.04312
62.509
184.25012
158.41609
305.04654
194.76773
176.06496
93.196144
177.87071
210.06189
86.71131
167.7628
61.94676
196.67097
10.071423
81.23165
62.385
205.50188
153.4535
180.23605
94.79487
168.0073
89.97956
182.5718
88.74568
183.64539
171.2444
156.8642
175.36353
145.27936
304.40817
356.14316
73.82534
64.0231
117.12641
172.58359
76.82486
90.96233
169.0867
118.27194
81.23171
68.60745
82.93313
208.19904
78.557365
278.30035
229.5513
187.6399
212.25145
161.63667
217.68231
147.27248
188.33005
81.231995
300.0262
182.97179
169.73315
74.30979
83.0137
64.12792
78.55842
62.16058
75.40554
98.08647
163.86143
85.26749
149.22247
186.76302
117.50171
146.47598
208.1983
238.6191
57.93027
77.17009
88.19377
81.921135
50.431087
155.53276
81.22187
71.98235
68.11607
107.735245
176.87717
66.92065
223.10022
260.94556
64.797585
166.01082
118.60604
58.59583
83.15057
101.32799
187.85829
200.36617
183.3868
191.75658
71.702446
73.51896
99.2451
163.86198
201.43475
81.14106
191.7566
205.72984
179.5578
55.7384
167.61197
168.8271
256.6982
90.5916
185.78264
186.43175
75.731255
58.93819
144.21715
81.64606
197.64384
89.249596
79.27523
198.24756
80.13321
183.64561
94.532776
170.65102
112.0179
54.655422
222.01329
125.77423
202.27324
45.278416
161.4727
82.471344
171.552
224.89806
81.752594
189.87344
100.56271
232.36757
191.55008
80.120636
82.47043
146.73915
169.87198
183.54204
181.3178
210.92313
168.53827
223.1122
56.263172
180.03314
239.71335
85.15664
125.790504
67.6858
188.62291
211.38994
198.14977
76.98564
80.5086
170.76297
68.65429
246.49814
91.820076
167.62714
187.51163
172.14178
78.62776
188.33012
71.22092
72.27945
79.760056
148.63318
172.41898
99.651436
178.36302
249.6411
109.622086
178.29417
164.20648
188.84564
173.92732
229.4923
221.0967
200.14099
177.73749
119.53193
69.95404
184.41614
73.633
169.73346
141.33592
216.18341
276.11066
282.25885
148.13493
78.55735
220.26758
91.71749
81.71908
195.15573
216.5846
64.56435
184.6507
171.81593
78.7142
274.46973
82.46958
190.1627
77.16925
184.0425
231.49168
83.80854
172.40837
155.40303
192.519
195.0045
80.40172
79.4712
119.786064
65.20496
321.97183
118.95195
71.274574
166.60619
156.23479
160.77753
62.860622
118.837845
109.86076
189.98238
82.47
276.7272
91.906006
83.43521
106.84575
64.95089
186.7322
72.419495
198.0628
65.00465
314.97827
202.74916
158.4736
214.14334
186.43172
172.65187
168.72421
75.03177
257.6382
211.41447
79.51606
196.55618
147.00407
163.2705
185.63472
188.96684
71.64153
81.908035
173.67308
178.70885
64.11132
112.65055
163.67722
198.24751
81.9216
169.9641
177.41496
85.89876
205.53773
198.24754
207.2063
195.09782
102.697426
83.081345
96.37358
74.56354
73.022026
299.35028
197.1709
56.20419
216.03203
208.17917
74.87967
178.50471
160.46292
164.55916
80.08538
186.13853
224.5378
196.75226
165.79608
79.99492
150.09465
88.645325
178.3063
47.154675
84.57513
177.16106
151.84607
102.44097
346.5494
76.05079
82.47011
108.010635
173.26941
55.877796
89.06948
70.402596
246.71165
186.67953
191.21248
141.75473
165.59276
148.8014
90.64941
167.94606
73.0624
238.52916
76.2836
119.065765
82.47142
66.8717
164.30806
70.40482
201.38457
77.67771
78.55629
80.621666
177.71507
165.53928
118.8797
74.00477
90.605354
77.03742
207.39656
78.885414
70.48756
91.51563
167.1957
92.97779
152.4268
204.10844
123.77122
244.60896
229.09048
67.763245
188.46465
148.80171
74.94444
81.60471
261.1922
116.602066
181.75592
78.47719
143.50145
178.41985
304.99493
83.02524
222.68584
185.25792
277.26047
62.340046
249.82684
88.49297
298.0623
239.25735
193.20525
136.11833
194.14714
87.5825
207.56828
179.17256
196.75241
168.79092
88.37732
216.81114
169.53903
179.36722
151.00096
229.08759
195.82349
81.921646
80.89898
119.290886
82.47063
81.5848
77.553925
82.470566
78.34624
82.4705
206.14427
74.737114
144.76697
89.48905
150.65808
80.57541
181.79568
90.71969
271.86145
83.37565
83.07599
155.23923
71.64294
198.11787
84.34362
105.215675
202.60628
179.6157
82.47064
82.47109
207.59262
216.2447
61.97501
76.581436
202.51096
78.29623
196.3178
188.05382
168.34384
202.66591
165.66049
226.61838
81.18371
110.875015
201.95114
68.07927
74.09959
236.61217
70.23811
268.90344
72.657166
252.615
180.92476
80.75833
92.67045
86.63626
168.6387
110.47794
79.17182
144.19711
164.30817
195.098
167.80249
87.07739
61.35751
180.71434
98.84702
78.55746
188.32997
87.034325
68.27626
275.48343
189.2598
82.470276
151.88228
88.90558
77.6067
82.89685
77.60837
39.496944
61.99873
190.05208
147.26886
170.93393
80.73753
232.40334
287.04413
187.27505
58.495693
85.04579
78.55092
79.24697
179.22868
65.06928
156.16722
77.152336
11.103313
154.1762
77.66302
72.66745
65.96342
278.2326
73.55594
219.16078
276.50204
79.94893
169.53935
82.26066
271.84128
179.5818
89.89651
179.5432
80.433334
197.3506
275.00516
167.7291
79.7768
180.53073
188.3301
171.55852
161.2164
73.964096
85.73214
72.44537
217.29744
119.77513
185.0612
322.3997
82.397156
83.128235
72.839745
72.625435
191.52098
198.24757
198.75124
153.80165
142.21992
192.55237
55.774776
170.3662
113.09885
158.9531
69.02973
82.470245
180.67464
156.53673
310.93057
58.510517
172.45201
90.877945
357.6304
160.85861
188.33032
298.04675
34.27016
165.35117
300.0859
46.41654
200.85728
66.35254
196.75232
177.51213
75.80171
103.57136
90.20406
252.77156
169.05681
140.20642
244.64021
76.637566
232.37125
143.28703
150.82918
79.40746
64.149506
102.97237
87.391014
183.657
101.331154
111.68968
196.36742
194.7818
223.87282
78.55688
179.1729
171.38367
168.47032
217.28548
72.86688
97.31229
198.24747
164.59116
74.01285
198.24756
190.66295
66.26581
182.18823
74.76347
256.03433
176.86081
90.77486
168.30518
210.42143
70.895195
85.6418
143.04799
99.30649
166.38016
217.27782
182.33986
180.61423
68.653854
105.3966
81.58571
68.78904
79.950775
59.66215
219.47623
82.47165
70.862915
48.870518
238.39746
77.73905
216.59538
67.3837
182.29611
79.13303
253.7975
74.69372
160.02686
76.02457
171.70515
74.48285
83.38378
191.57463
184.68779
82.36115
187.36333
74.700615
148.838
180.02167
201.15274
95.90316
86.68299
74.35216
60.046665
162.29665
160.15784
72.909966
80.32482
82.090294
188.33026
232.88753
129.93826
82.4711
192.42636
81.23228
157.39575
71.29654
68.50512
188.3301
74.48832
81.921165
53.696186
178.69347
79.06944
59.701984
108.702225
86.3241
84.84359
258.84796
161.48376
170.93411
184.57858
92.81505
59.046635
95.61273
64.12733
198.2477
187.55025
158.12878
153.79851
184.40034
205.31839
81.91824
265.98892
148.3837
63.58572
75.90462
79.54689
82.46983
164.61281
67.99823
179.36713
84.18836
183.64542
65.19279
195.29358
210.33237
110.79304
152.74457
229.63904
184.416
60.54732
165.47147
193.20546
91.756836
143.17818
179.17282
161.33351
78.563034
155.73541
192.33597
177.8326
237.53957
171.45287
145.7971
147.26634
91.46111
100.86503
82.649376
183.64552
91.1823
167.30154
146.39395
84.21572
79.01545
230.2658
93.43729
180.25726
67.17397
175.85559
165.96013
125.88244
150.65599
163.88768
148.00307
53.443134
182.77959
178.35841
196.75244
82.3647
231.28801
88.33303
104.11921
302.9436
196.20409
181.61194
183.60873
172.53021
154.10442
190.16298
207.63884
163.24915
194.58363
186.17726
112.30635
71.60736
120.87165
183.92958
186.79335
180.95744
180.52603
79.37972
68.1901
192.87465
180.03334
185.4826
182.93901
165.75392
227.1414
175.81921
148.40387
97.61357
70.25181
291.6081
71.58879
82.470184
79.566635
90.424286
180.0602
170.0848
91.96189
94.99802
86.31497
188.33017
186.55243
188.0706
72.016914
206.74193
74.4669
68.653885
218.64516
162.31522
169.84624
80.460625
195.06247
193.20535
196.9505
174.46341
90.04047
157.42525
174.37491
191.57477
82.470245
250.32301
90.57814
232.36732
63.549397
303.54898
174.04358
328.6703
182.78802
278.95358
158.50537
75.97679
250.9491
101.766884
83.51726
84.28437
187.43459
65.222435
198.24771
67.12883
61.809086
91.61295
177.3862
186.99657
115.66877
67.656845
198.2475
156.11717
288.41693
81.920944
88.688965
76.96143
67.27854
82.47006
90.21898
100.27017
209.68352
65.845215
201.1547
73.65692
38.462147
64.806656
243.2397
147.5872
206.37097
166.91258
201.10144
171.9759
77.12924
298.70612
59.663136
76.03263
187.52185
71.14863
83.11749
158.99974
82.470215
289.66464
81.34496
66.777725
55.69579
186.44609
61.843746
193.20479
193.86125
199.65324
81.92135
237.69301
102.12664
212.38338
155.7226
96.23515
68.1275
80.24266
170.2803
63.908726
85.96442
65.667816
164.44241
76.467224
76.38928
89.80338
85.206955
198.24756
80.03941
77.09636
66.40494
198.24751
189.09312
196.73177
185.77577
146.61241
86.91495
147.65298
246.24423
63.344852
203.16522
89.52859
68.168144
87.31788
148.95525
92.88818
278.96735
177.32803
173.5633
187.85785
155.25363
68.011314
186.96385
91.091125
251.78506
77.807976
86.81155
78.1265
106.24748
179.17293
72.61204
174.37898
77.02461
78.557365
195.098
230.51321
202.27037
230.78053
159.88799
184.42519
98.407
64.78633
82.471344
183.03004
166.98183
88.14458
81.35678
152.71754
84.100006
158.39368
169.4313
184.20729
202.8699
226.756
145.49547
155.46301
213.27682
94.63117
181.22177
74.54805
198.24756
41.629833
148.59636
170.93428
197.17017
74.944305
63.214268
81.75243
93.578674
186.92946
165.50224
198.24757
82.4699
182.57481
74.35375
318.0308
172.67558
63.64197
198.52809
200.36198
146.70602
122.90637
245.2354
199.81946
81.75236
80.55597
82.12423
162.63792
87.4367
171.63205
82.85492
157.01176
83.81466
180.07039
82.4692
156.77505
62.172443
259.56113
82.43774
153.8739
265.96964
145.32654
202.00389
95.06982
76.67339
87.151596
79.07336
75.974495
197.88332
178.94823
169.63538
71.641685
82.57037
70.475235
59.98247
198.13853
88.92926
68.27671
179.17278
186.93256
81.92111
196.02531
205.10262
249.7877
57.7432
72.0946
79.55336
194.24034
65.47552
183.65213
79.89205
168.3999
110.60371
73.17597
125.127525
124.15266
70.99429
214.15535
70.889854
90.787384
163.62791
264.83844
147.25682
71.22208
83.99594
74.82827
73.96681
170.93362
88.905945
87.217636
198.34566
186.69084
190.08133
250.86076
24.146206
68.57225
213.91354
77.48819
87.499825
95.67398
98.53701
74.453026
222.67125
83.37885
59.44128
55.698856
188.32985
51.758495
190.34398
209.56696
64.66044
195.39082
90.73509
216.04726
168.51816
101.66186
181.10536
200.49968
84.54392
193.44035
309.24612
195.33755
184.74147
150.86342
212.4905
193.20526
149.3917
75.39764
95.47288
65.21406
165.76915
93.343
183.77316
256.27017
82.28943
74.568275
161.90765
114.1579
65.18903
96.28001
85.41059
243.50465
182.84357
78.55678
83.20235
192.61261
68.42699
250.92645
66.70863
191.86295
168.5801
245.73834
72.83283
191.81674
166.14066
203.83775
85.520546
182.8753
76.60092
163.16142
82.47021
111.25091
182.38892
81.75395
155.38101
250.86003
174.64673
85.17316
185.39857
126.076355
105.8702
222.31018
171.32384
106.023155
225.02242
34.321796
68.082375
70.8644
153.99478
89.173706
192.57811
78.55766
171.87526
57.3884
296.75275
298.28705
77.51107
168.0618
55.77837
243.77864
260.05753
191.15709
198.77649
198.2475
171.73274
81.69068
77.25663
68.50468
204.37907
236.8098
73.54809
178.09625
226.76434
92.58468
90.989296
137.13098
63.641468
82.48218
177.85905
56.477085
205.14516
192.14023
226.8692
72.84801
63.6402
189.16936
197.41566
108.12411
170.77667
76.49266
88.41528
202.43417
218.07478
174.5096
91.96821
75.21713
169.14641
69.74993
160.5822
169.77065
82.46966
164.95355
194.10703
82.58518
59.561573
80.947365
164.34895
175.33014
64.69065
91.684296
188.21577
143.12424
82.47079
183.6457
94.18629
78.55776
76.35146
74.1569
90.76587
142.052
86.92867
79.596855
60.77985
152.10434
58.417965
82.4713
82.47121
72.26105
170.9334
101.81183
242.03635
179.17285
67.915565
197.65828
171.20465
72.73742
188.1291
198.24765
67.091194
220.73949
101.62078
187.05576
191.57458
176.35397
199.25375
183.92451
181.25702
181.99484
72.078255
174.92212
140.00278
92.23345
234.56038
326.4857
273.25168
179.83952
164.05606
274.49332
217.05217
90.63567
83.60539
89.14747
184.74171
170.73456
143.72324
301.58124
121.08907
92.834564
165.04816
186.04922
68.74778
189.44373
160.64503
291.03427
210.00789
214.34044
59.984173
91.57293
70.02212
198.24747
78.55673
78.52742
68.86042
89.08047
194.08133
195.02477
65.8164
58.624187
167.09698
63.45252
192.97891
167.94624
164.81229
187.15605
204.02005
172.48326
72.60835
151.85373
74.14131
51.49577
152.70792
164.33887
169.20047
105.37739
219.8666
175.40038
67.25204
209.25034
63.64049
183.03975
194.42807
306.0708
194.7227
60.16264
173.93375
82.47027
165.94838
67.92079
270.43286
203.48239
78.886955
163.72813
73.29017
198.24763
283.93958
64.75627
167.96097
198.24744
91.9842
198.24745
36.20589
160.22108
170.93428
152.77945
158.7464
182.11395
74.35852
74.76626
76.572266
193.87044
42.647312
73.11974
153.32802
163.04439
172.87608
109.12768
75.76146
79.47014
106.93491
236.755
198.2476
194.9032
205.89146
202.0461
144.6943
167.70294
71.63598
86.90528
336.6693
73.78515
198.53455
72.16894
258.18372
174.329
79.2662
83.73716
167.12686
198.24757
171.21535
195.7041
71.924866
86.06629
174.41373
181.89484
176.64557
220.74995
81.49403
200.31546
185.65306
86.408264
94.55543
90.0025
181.24736
73.48106
190.56584
129.80568
198.24759
197.76102
165.40527
72.849075
304.26404
83.71486
83.314674
176.60365
148.93661
162.2223
111.55395
152.32085
186.43167
279.94073
219.21446
81.29456
92.42357
89.55789
216.3847
81.23231
81.39965
167.19623
87.14929
71.64055
172.19458
193.28784
124.24372
57.689495
71.39567
66.75125
198.24759
91.49675
73.08982
62.49332
62.364132
127.058014
71.15586
80.33047
39.241222
175.1527
346.5485
76.826675
170.93391
67.100555
212.44427
187.31401
152.4703
196.6326
42.618397
184.67569
213.436
68.777626
74.221466
71.49555
84.96371
77.961205
222.78079
84.485664
62.866444
302.69266
161.7081
82.4696
206.83778
82.47061
187.25471
214.57773
166.3985
74.94396
137.20847
84.03084
194.40254
82.47145
142.07993
105.210655
211.37262
95.34934
86.954994
83.18326
80.89952
203.233
77.67773
257.6621
166.20786
193.49635
164.54205
209.31065
340.31525
281.09982
69.26252
213.60564
71.13142
108.11307
204.58702
169.41171
99.73603
118.84531
194.13678
72.04855
69.65265
184.02133
169.06274
174.04189
181.97842
209.13986
190.52565
165.48549
169.34364
67.433586
72.49005
62.39127
185.70601
227.03114
77.903915
169.67816
57.38338
206.86552
164.2485
68.85546
179.4678
63.448277
170.70721
63.843296
185.4907
64.83434
207.75757
108.4219
195.72824
62.308407
209.71262
81.9215
191.06888
88.597786
80.106735
195.79826
69.83016
145.89981
55.590305
187.33177
270.26285
80.26816
156.22624
148.80124
67.4652
81.58484
185.60472
82.469826
68.65358
144.00722
76.694084
72.53364
145.81892
99.603455
123.51751
167.63168
176.117
79.24128
83.86549
78.74913
179.52394
186.40463
221.52791
81.39416
176.98294
85.138535
88.386154
167.53006
198.24736
164.01225
59.517498
78.230484
81.573654
171.6171
196.92754
168.62495
82.963036
152.59895
226.2944
123.92976
72.88506
162.71051
75.09426
287.95624
163.81938
58.49345
82.47063
74.53908
187.08775
218.7068
184.26477
74.89954
56.02357
180.65132
242.9777
199.14572
326.16388
164.04553
63.206043
302.86548
78.920555
87.590645
335.33493
64.23139
169.6474
68.93925
74.94545
178.69456
70.20715
146.87483
177.04233
180.97752
198.24762
251.85422
175.37111
175.06679
299.22028
157.37817
163.95206
193.20505
78.11126
252.49158
97.68308
117.09279
184.33516
160.53636
82.47115
172.76723
174.18677
82.47027
297.31277
179.399
65.20455
105.014725
79.63866
158.70389
88.739655
160.53653
88.63923
185.95018
88.83303
77.28398
86.76744
86.88058
163.07166
112.340416
183.18317
176.15811
179.67766
230.48553
193.86888
193.28758
184.73645
167.96638
184.90489
169.61494
79.51544
162.47589
312.20474
172.8929
83.10326
168.33919
260.46527
76.6366
113.42411
137.08534
237.36987
178.49414
73.094734
180.77791
57.988117
85.93737
159.95757
66.83058
191.75652
175.37134
181.1364
171.95587
189.08757
150.9954
82.470245
71.36937
169.1419
179.5024
150.5304
170.9339
226.35928
85.65114
177.08128
73.23583
81.541595
304.14923
83.979866
67.842155
211.3273
59.934162
64.68934
159.45715
193.20511
77.00479
186.3452
97.18387
76.93843
83.682106
73.2734
34.32181
192.87477
188.66403
53.3464
190.85258
95.33586
59.940678
216.30702
172.97444
171.94917
157.76056
67.13763
149.77382
78.0051
105.41741
190.97386
179.17297
163.3824
189.04399
65.26044
206.6586
88.45328
73.007195
102.247375
193.20528
91.29963
332.3635
73.12432
172.85931
99.83323
191.32571
183.64546
73.53971
188.24895
208.11392
116.44104
256.023
198.24721
184.52414
104.40193
68.16648
213.34956
216.81372
206.30084
116.25995
183.86557
79.10774
86.49718
206.47276
181.71323
172.45348
96.56091
198.24757
85.879196
176.92918
64.63447
91.34217
216.03145
260.82425
202.5484
63.125103
165.92482
209.53532
82.47034
71.489395
69.31916
78.461784
80.57309
76.39235
81.232155
89.06847
218.65517
73.506226
89.56671
116.75511
59.037785
90.87274
190.95683
180.69817
83.477486
146.0563
94.00074
70.37401
195.43661
90.81812
162.17813
71.70277
67.58259
156.4777
273.5792
61.356716
104.66041
42.13985
252.48982
202.97289
210.70312
55.737804
71.942505
196.75246
257.09018
53.627026
111.88432
67.992546
82.471375
182.93536
91.58306
237.84816
95.18064
158.95393
114.23242
75.05695
227.82047
174.66104
175.2169
274.75797
80.71138
160.17581
79.75491
327.66766
158.17595
92.9199
209.40477
116.279465
74.68791
181.84958
165.8214
226.21558
65.25157
58.73499
190.15953
267.2713
159.21228
189.87323
282.7573
187.82658
198.24762
169.42564
79.38591
164.85245
85.09692
78.156166
89.20427
118.50654
83.124214
275.10663
148.1919
251.16321
78.91625
187.75455
42.98634
134.78209
71.42499
151.43356
280.91757
67.79996
212.32465
236.72064
83.576706
170.93394
80.10413
235.06833
110.06032
202.73587
43.826427
213.98857
71.68618
14.151943
156.26889
168.60861
262.20682
182.04338
82.46975
191.21272
152.43
75.37796
72.07601
162.49017
77.90196
218.56786
96.75767
81.9213
86.54262
104.17178
191.86894
63.640064
179.68535
110.91352
73.28998
89.756294
165.87943
64.20407
85.77328
198.24763
72.14057
182.52617
61.330723
175.72276
92.544754
71.83118
79.87918
188.33014
196.55597
174.81404
102.65173
56.398556
77.26489
182.9665
65.867645
125.2216
265.5602
68.597496
164.4209
66.32874
181.25475
202.46861
64.37481
297.76855
38.898212
180.78418
160.5382
71.84241
74.301155
78.55687
182.05423
74.305885
167.1705
78.55857
69.59136
70.54769
163.89725
34.53355
75.07957
213.69331
163.45436
86.794464
222.14905
75.09939
221.93233
74.94401
172.58687
80.06181
87.42087
167.60939
169.85185
78.48261
198.24757
60.841595
78.32893
155.80682
92.87022
81.42295
108.68187
279.359
178.02142
81.92206
184.86797
161.18294
81.75271
79.96685
82.46995
199.33049
154.36986
179.8787
198.10521
180.11093
146.2212
144.54662
88.22743
194.35982
92.07354
70.89884
80.894485
142.00111
69.996544
199.44702
155.3537
229.31549
171.5574
221.82384
60.64316
189.74947
204.98412
163.94745
154.67056
157.6208
84.080925
155.56798
179.17308
196.32455
172.66904
169.03389
173.80235
186.92926
203.88828
135.84885
146.39548
176.71179
70.244705
185.56445
78.05844
70.05139
320.39618
185.42216
77.60681
70.46465
70.14687
208.24805
87.62986
77.90719
158.43333
66.92133
73.592636
260.82925
81.56795
57.981823
53.47826
66.11282
176.315
74.94448
68.508
79.22894
59.47935
84.297195
236.38615
187.8729
177.72237
99.56843
198.24733
171.47641
63.966877
100.93187
188.33015
232.48448
247.00778
74.54688
178.84322
73.66447
178.2848
183.6456
150.21414
197.48897
84.96378
190.79573
162.07195
82.47031
220.92274
85.71522
150.87471
86.11741
91.958725
67.654434
171.6728
142.7295
81.75212
168.95302
99.60341
146.4152
150.59196
74.432106
191.75658
77.43492
177.13861
68.70998
193.7799
186.59708
68.48202
76.25843
76.19292
76.78752
84.17816
71.54099
192.67651
87.26603
81.52025
69.77625
328.0251
69.09332
166.88004
93.557045
265.8425
193.27449
185.04623
179.22252
80.20547
81.07932
181.6126
79.02086
61.34564
134.7871
81.161316
179.03639
219.6704
63.068584
227.04108
78.24706
179.8794
181.2557
190.24823
189.80293
207.58215
196.22443
180.99861
141.88422
64.16728
95.79468
81.584274
87.00236
81.262314
170.42827
173.42332
177.95023
68.65355
176.79721
98.86071
195.82178
163.16176
82.46979
171.84337
188.09738
73.13032
78.55715
78.230515
268.5336
221.19489
74.57568
175.17369
204.84906
193.20525
178.8531
90.07465
81.753944
307.0687
288.48892
80.2689
76.67959
190.38646
92.59297
81.23231
199.44489
82.47015
78.55848
72.58364
75.78359
192.13623
71.823006
201.27065
189.36528
63.552586
184.26988
76.13554
65.25202
192.33304
88.909775
77.90242
270.75552
77.31483
167.1967
183.62642
174.3474
136.49982
60.632748
126.31912
191.39357
78.15936
141.93187
151.23216
188.8495
164.91006
68.64305
67.114655
69.639015
86.2515
81.27402
179.66188
180.9701
148.82394
182.17354
313.94412
84.369705
176.20856
65.986786
192.65862
157.3245
211.85527
69.72899
65.408806
203.93185
71.82306
208.82288
168.56204
102.492294
193.48148
90.30937
220.7359
82.05162
64.11912
88.39437
208.38858
76.722916
195.38905
287.88754
188.32988
201.4423
88.72044
163.52083
69.91526
146.44856
72.16049
70.42479
181.0731
212.9292
71.641045
78.56463
165.56091
91.606415
183.59433
80.95539
95.62824
66.25723
86.4788
199.58116
71.52747
181.84494
193.24695
59.304905
177.54028
146.39964
69.78959
198.24765
83.13575
270.13986
209.60999
82.84853
154.11816
72.37942
179.80406
173.9003
171.804
72.24481
299.57767
251.71527
178.36841
157.71956
65.47373
82.470764
186.23727
94.71526
186.76309
74.73812
106.27373
195.29341
77.12841
102.04715
175.2448
58.48988
73.67684
151.69208
167.46619
69.7957
78.65478
175.26494
193.37273
325.80292
165.06464
72.469696
120.24868
71.64391
204.40555
39.909626
299.0016
213.89067
168.67136
81.753914
164.47025
77.63742
82.11819
68.65485
169.85124
93.27632
191.21275
74.576584
193.2052
158.426
95.621155
216.8219
85.44962
72.64472
299.41647
163.9345
79.374176
79.50055
174.9865
86.63685
81.06659
80.37297
202.51001
246.12012
32.785084
69.77961
76.53913
68.95375
70.66788
208.83795
71.98418
103.422424
177.13953
160.178
72.44377
155.00052
171.42854
195.29343
79.438194
172.9303
270.70764
218.77927
168.97205
198.2476
150.76099
197.6351
176.06898
81.75337
226.46056
74.09906
74.27825
176.60516
101.622986
241.5909
108.088905
193.20525
145.33148
86.21184
98.76943
164.2003
232.26726
143.23405
175.6224
80.12839
179.17284
221.0274
78.32775
86.21568
169.44936
162.41055
192.677
247.36606
161.58876
211.7902
181.32382
190.16304
73.132256
80.76123
186.81279
67.68296
60.806515
211.88454
61.5405
224.94092
83.898415
106.13626
178.67867
159.55737
198.24738
77.24292
76.870995
205.95804
181.1273
271.7632
202.5865
94.30029
123.89781
170.61868
146.7079
182.14372
190.35995
174.93025
81.30661
90.81355
82.4711
82.20941
72.22542
78.4083
74.945595
58.18398
134.7199
330.0747
182.65834
198.24765
71.64243
169.16641
195.63194
174.28282
183.64584
87.01153
226.98582
185.03159
159.44817
166.87439
183.63507
82.46974
62.572056
67.39252
163.82034
159.1669
73.6313
150.9539
86.089806
106.141106
183.64561
70.09983
72.54492
101.62897
216.18347
89.05735
66.46789
179.9444
175.08745
80.261856
85.918274
182.29903
104.450356
157.23398
157.37375
87.898544
269.3447
227.06372
85.96207
55.821133
168.70116
210.62424
201.65883
182.294
198.24759
81.41684
193.27734
148.72017
71.193695
178.61647
180.71642
137.29152
188.9188
119.17904
159.59163
181.09111
206.35855
67.37528
150.33894
83.856255
88.35239
93.41362
69.204956
237.49994
76.75346
80.13875
67.70154
208.559
120.46993
73.861984
71.17631
153.43935
114.91186
182.41168
360.56598
176.02745
166.04286
75.29668
217.77026
85.25435
180.25156
165.03629
83.88836
74.28264
268.90237
83.07814
62.434055
214.21071
83.12538
73.596115
170.02951
90.805145
183.64563
87.39462
303.1663
79.648895
73.94206
141.19753
97.059975
281.60245
78.18871
137.07375
111.65064
237.93782
78.20285
172.32332
74.157
144.20963
156.6296
213.13248
85.65628
178.41948
216.31618
220.11815
180.28828
95.74408
82.469734
100.9526
74.08563
178.31248
161.0798
149.8876
125.192
70.33155
100.4447
287.90445
182.29384
106.02621
67.276344
188.9667
151.56387
174.30449
188.32999
219.19395
219.05656
87.207756
62.76356
78.55672
282.19867
126.79371
191.57484
94.44418
227.48564
183.64943
179.82372
81.95308
170.58733
78.49887
69.52667
179.75603
81.1598
93.87787
89.110435
122.88482
77.274536
150.80801
168.92906
163.94467
167.86618
167.25249
191.59811
97.79989
161.97408
191.7567
181.58862
182.59727
39.846256
67.60412
95.04721
72.62527
198.24771
79.92022
188.33357
120.471016
198.24759
233.03775
225.53877
182.15056
82.47008
194.77554
82.46997
70.5744
181.84482
185.29457
66.26527
186.57753
238.37933
79.020905
87.651505
191.29477
48.95257
183.74109
90.7974
198.24759
176.29817
93.832016
198.87434
299.19653
178.063
200.93716
238.86145
81.2047
76.78986
73.983665
179.17293
79.910126
162.5108
227.4351
68.72276
172.6648
68.73694
278.71057
83.39306
232.71707
204.17973
68.64987
70.71833
182.0389
43.052746
72.84791
93.08607
177.04477
247.27982
70.4399
186.59709
62.81213
63.642757
183.57811
227.7893
211.31955
192.58183
168.67778
68.37713
88.96642
163.83258
161.39995
346.60556
82.47002
70.920586
183.6459
82.79937
219.29059
73.51668
75.13116
53.69206
175.6384
82.32495
75.99633
190.16298
280.64984
278.1985
144.22412
171.89532
88.35705
197.64005
93.29014
77.24029
258.01492
181.74179
163.33856
228.33435
171.34015
64.67537
204.00572
179.10532
78.55904
174.68163
213.06207
74.43139
162.59503
235.90517
79.38187
195.29333
65.83377
151.04152
174.47801
77.5041
70.898994
69.2639
165.49666
164.96227
150.59157
88.65715
187.2644
175.7081
196.76042
109.50872
167.86337
293.91937
127.574844
175.77982
176.80717
190.07701
88.60996
143.97653
198.24765
148.75056
74.354195
58.495213
70.526474
63.205967
65.82737
93.49105
198.24748
113.422935
65.475395
153.65437
92.429054
229.69257
75.098404
80.90348
278.67007
74.045
58.486347
297.98233
97.524155
68.188576
89.4522
47.7178
173.36058
201.35081
84.368935
84.5994
194.51479
213.223
151.42262
142.10504
177.66286
228.9928
166.09119
56.22755
81.92151
159.37471
73.95662
84.36894
85.49121
83.239944
101.62966
201.64243
77.277176
214.3078
88.26345
202.29297
221.58588
79.239685
196.32483
167.86154
221.79816
78.149376
208.67007
199.17601
154.16956
91.249794
77.362076
193.20518
91.26803
174.94687
86.651245
70.86449
70.78104
80.061745
67.118614
80.4803
231.25752
183.64563
80.70651
178.59698
172.91235
206.14001
189.36157
215.5812
310.19244
150.04329
77.90443
84.99247
171.56067
79.430405
156.24596
107.07834
215.64743
156.71912
107.7499
191.57474
70.19733
269.64676
162.8107
198.24759
153.57007
84.33444
161.30171
163.74417
175.201
226.75601
90.61692
74.94546
198.24765
207.71407
263.88055
185.73047
77.92751
86.001945
193.64896
150.59183
300.0382
191.90225
80.896355
85.23056
69.31191
213.77702
80.452995
174.67834
162.58676
89.49635
70.697845
93.81688
68.80863
82.29954
142.52216
98.38761
171.41606
154.18394
143.64488
106.91907
198.66063
179.15633
188.33005
72.40201
81.152596
190.48901
168.90268
81.084175
81.448425
216.76091
120.50315
218.80595
104.73668
68.27627
198.6781
178.19989
214.66501
106.09992
207.97731
80.89454
164.8933
74.763336
80.4578
72.312904
148.32063
188.3301
170.38057
184.23903
163.80757
186.43173
195.51935
58.08598
181.03448
217.93384
186.57149
173.00764
84.08381
76.81976
68.65361
198.24777
171.26056
78.55715
185.99612
84.54665
74.46197
186.43169
161.56607
96.08308
291.6756
74.60872
97.713646
192.53568
61.98097
196.75232
146.5064
100.148056
80.77361
177.72551
146.96143
56.086758
184.663
188.03209
242.75258
155.02461
162.4603
90.778496
68.65532
67.26331
89.08915
193.20512
164.1202
76.411644
274.42386
61.632565
63.64237
188.17851
94.82633
156.57663
177.47673
86.20119
74.94399
77.81593
53.611652
183.70169
138.32143
82.217476
212.9448
221.51949
193.27795
198.47879
219.48041
319.74747
228.60966
108.71226
64.19853
117.903275
170.47238
177.63348
175.32845
191.21014
68.41378
177.77142
68.775276
149.7012
78.55737
76.68891
72.90799
102.25659
172.75812
156.1287
255.83028
181.02779
183.35269
196.75221
153.45338
121.35259
74.792786
125.92727
59.811268
79.29378
68.73558
80.40644
227.7774
212.46417
154.47424
163.70862
176.95332
212.46587
185.11293
84.07972
46.53799
83.2839
164.38869
204.26906
176.47124
319.7463
162.67023
190.76964
198.45428
192.60262
90.375
77.30717
66.17255
297.9419
191.34021
72.292046
197.89082
193.20525
179.173
229.05411
87.11208
249.16002
198.24767
91.24209
95.62269
74.94401
93.42071
88.83686
58.592113
59.28281
189.80563
105.36333
188.33362
190.52585
65.7191
